# id	left	top	right	bottom	texture_id
[SPRITES]
120001	128	144	143	175	40
120002	144	144	159	175	40

120003	160	144	175	175	40
120004	176	144	191	175	40

120005	1232	144	1247	175	40
120006	1216	144	1231	175	40

120007	1200	144	1215	175	40
120008	1184	144	1199	175	40

#GREEN
120011	32	144	47	175	40
120012	48	144	63	175	40

120013	64	144	79	175	40
120014	80	144	95	175	40

120015	1328	144	1343	175	40
120016	1312	144	1327	175	40

120017	1296	144	1311	175	40
120018	1280	144	1295	175	40


# ani_id	sprite1_id	time1	sprite2_id	time2	...
[ANIMATIONS]
12000	120001	500	120002	500
12001	120003	500	120004	500
12002	120005	500	120006	500
12003	120007	500	120008	500

#GREEN
12010	120011	500	120012	500
12011	120013	500	120014	500
12012	120015	500	120016	500
12013	120017	500	120018	500
