# id	left	top	right	bottom	texture_id
[SPRITES]
#WALK_LEFT
81001	4	130	22	155	10
81002	24	130	42	155	10

#WALK_RIGHT
82001	938	130	953	155	10
82002	916	130	931	155	10

#SHELL
83001	50	139	65	154	10
83002	72	139	87	154	10

#GREEN
#WALK_LEFT
81011	0	51	15	76	40
81012	16	51	31	76	40

#WALK_RIGHT
82011	1360	51	1375	76	40
82012	1344	51	1359	76	40

#SHELL
83011	32	48	47	63	40
83012	32	64	47	79	40

#WING
#WALK_LEFT
81021	93	130	108	155	10
81022	114	129	129	154	10

#WALK_RIGHT
82021	851	130	866	155	10
82022	830	129	845	154	10

#JUMP_LEFT
83021	135	129	150	155	10
83022	157	128	172	155	10

#JUMP_RIGHT
84021	809	129	824	155	10
84022	787	128	802	155	10

# ani_id	sprite1_id	time1	sprite2_id	time2	...
[ANIMATIONS]
8000	81001	100	81002	100
8001	82001	100	82002	100
8002	83001	100
8003	83001	200	83002	200

#GREEN
8010	81011	100	81012	100
8011	82011	100	82012	100
8012	83011	100
8013	83011	200	83012	200

#WING
8020	81021	100	81022	100
8022	82021	100	82022	100
8021	83021	100	83022	100
8023	84021	100	84022	100