# list of object assets to load in this scene
[ASSETS]
mario.txt
coin.txt
platform.txt
brick.txt
mushroom.txt
question.txt
goomba.txt
koopa.txt
box.txt
background.txt
fire-plant.txt
fireball.txt
pipe.txt
leaf.txt
switch.txt
gold-brick.txt
piranha-plant.txt
#
[OBJECTS]
# type	x	y	extra_settings per object type
# type: 0 = Mario , 1 = Brick, 2 = Goomba, 3 = Koopas
# See OBJECT_TYPE constants in AssetIDs.h

#MARIO
0	130	10	3

#COIN
4	209	124
4	225	140
4	241	140
4	257	124
4	257	108
4	225	92
4	241	92
4	257	76
4	257	60
4	225	44
4	241	44
4	209	60

#Platform
5 	0	196	16	15	32	51003	51003	51003	
5 	0	180	16	15	32	51003	51003	51003	

5 	0	164	16	15	8	51003	51003	51003	
5 	0	148	16	15	8	51003	51003	51003
5 	0	132	16	15	8	51003	51003	51003
5 	0	116	16	15	8	51003	51003	51003
5 	0	100	16	15	8	51003	51003	51003
5 	0	84	16	15	8	51003	51003	51003
5 	0	68	16	15	8	51003	51003	51003
5 	0	52	16	15	8	51003	51003	51003
5 	0	36	16	15	8	51003	51003	51003
5 	0	20	16	15	8	51003	51003	51003

5 	256	164	16	15	16	51003	51003	51003	
5 	272	148	16	15	15	51003	51003	51003	
5 	288	132	16	15	14	51003	51003	51003
5 	304	116	16	15	13	51003	51003	51003
5 	320	100	16	15	12	51003	51003	51003
5 	336	84	16	15	11	51003	51003	51003
5 	384	68	16	15	8	51003	51003	51003
5 	384	52	16	15	8	51003	51003	51003
5 	384	36	16	15	8	51003	51003	51003
5 	384	20	16	15	8	51003	51003	51003

5 	160	20	16	15	12	51003	51003	51003

#Horizontal BG
10	0	196	16	15	40	51004	51004	51004	
10	0	180	16	15	40	51004	51004	51004
10	0	164	16	15	40	51004	51004	51004	
10	0	148	16	15	40	51004	51004	51004	
10	0	132	16	15	40	51004	51004	51004	
10	0	116	16	15	40	51004	51004	51004	
10	0	100	16	15	40	51004	51004	51004	
10	0	84	16	15	40	51004	51004	51004	
10	0	68	16	15	40	51004	51004	51004	
10	0	52	16	15	40	51004	51004	51004	
10	0	36	16	15	40	51004	51004	51004	
10	0	20	16	15	40	51004	51004	51004	
10	0	4	16	15	40	51004	51004	51004	

10	352	20	16	15	1	102002	102002	102002
10	368	20	16	15	1	102003	102003	102003
10	352	36	16	15	1	102000	102000	102000
10	368	36	16	15	1	102001	102001	102001

10	128	20	16	15	1	102002	102002	102002
10	144	20	16	15	1	102003	102003	102003
10	128	36	16	15	1	102000	102000	102000
10	144	36	16	15	1	102001	102001	102001


#Portal 
50	361	29	216	180	11

