# list of object assets to load in this scene
[ASSETS]
mario.txt
coin.txt
platform.txt
brick.txt
mushroom.txt
question.txt
goomba.txt
koopa.txt
box.txt
background.txt
fire-plant.txt
fireball.txt
pipe.txt
#
[OBJECTS]
# type	x	y	extra_settings per object type
# type: 0 = Mario , 1 = Brick, 2 = Goomba, 3 = Koopas
# See OBJECT_TYPE constants in AssetIDs.h

# MARIO
0	120	10

#BOX
7	220	132	1
7	204	132	1

7	252	84	1
7	268	84	6

7	434	100	1

7	672	164	6
7	720	132	1

#COIN
4	1073	100
4	1105	68
4	1137	36
4	1169	4
4	1201	-28

#GOOMBA
2	252	180	
2	540	180

2	848	164
2	896	164
2	960	164


#KOOPA	
8	590	132

#Platform
5 	0	196	16	15	40	51000	52000	53000
5	640	180	16	15	28	51000	52000	53000

9	324	156	16	16	3	5	91100	92100	93100	94100	95100	96100	97100	98100	99100
9	292	172	16	16	3	3	91000	92000	93000	94000	95000	96000	97000	98000	99000

9	572	140	16	16	4	7	91300	92300	93300	94300	95300	96300	97300	98300	99300
9	524	156	16	16	4	5	91000	92000	93000	94000	95000	96000	97000	98000	99000
9	468	172	16	16	5	3	91200	92200	93200	94200	95200	96200	97200	98200	99200
9	580	180	16	16	5	2	91200	92200	93200	94200	95200	96200	97200	98200	99200


#Horizontal BG
10	188	180	16	15	3	101000	101000	101000	

10	688	164	16	15	6	101000	101000	101000	

10	1041	164	16	15	2	101000	101000	101000	

10	640	196	16	15	28	101001	101002	101003



#Vertical BG
11	48	134	16	16	4	111000	111100	111400	111400	
11	32	150	16	16	3	111000	111100	111200	111400
11	80	150	16	16	3	111000	111100	111400	111300	
11	48	166	16	16	2	111000	111100	111400	111400	

11	112	150	16	16	3	111000	111100	111200	111300	
11	128	166	16	16	2	111000	111100	111400	111300	
11	96	182	16	16	1	111000	111100	111400	111300	

11	896	118	16	16	4	111000	111100	111400	111400	
11	880	134	16	16	3	111000	111100	111200	111400
11	928	134	16	16	3	111000	111100	111400	111300	
11	896	150	16	16	2	111000	111100	111400	111400	

11	848	134	16	16	3	111000	111100	111200	111300	
11	864	150	16	16	2	111000	111100	111400	111300	
11	832	166	16	16	1	111000	111100	111400	111300	

11	977	134	16	16	3	111000	111100	111200	111300	
11	993	150	16	16	2	111000	111100	111400	111300	
11	961	166	16	16	1	111000	111100	111400	111300	



#Pipe
14	388	148	3	1

#Portal 
50	800	160	216	180	1

